ncpu: 960
ndim: 3
levelmin: 8
levelmax: 21
ngridmax: 1800000
nstep_coarse: 51652
boxlen: 1.0
time: -0.895681123511687
aexp: 0.558261255459753
H0: 70.3000030517578
omega_m: 0.272000014781952
omega_l: 0.727999985218048
omega_k: 0.0
omega_b: 0.0455
unit_l: 2.44586727281695e+26
unit_d: 1.45252963203671e-29
unit_t: 1.36543285451009e+17
unit_m: 2.1253167195715254e+50
h: 0.703000030517578
z: 0.7912760203579872
boxsize: 100.00000585166964
boxsize_physical: 79.4112750914594
boxsize_comoving: 142.24751281738276
icoarse: 51652
age: 6.927645630899931
iout: 623
nhost: 5506
nsub: 2511
nhalo: 2995
